## floor
L 0 0 0 1 0 20 1024 20

## mattresses
# lower bunk
L 0 0 0 1 50 160 250 160
# upper bunk
L 0 0 0 1 50 390 250 390

## table
# top
P 0 0 0 1 700 200 1000 200 1000 207 700 207
# legs
P 0 0 0 1 710 200 715 200 715 20 710 20
P 0 0 0 1 990 200 985 200 985 20 990 20
# drawer
P 0 0 0 1 985 200 885 200 885 160 985 160
# handle
P 0 0 0 1 955 182 955 178 915 178 915 182

## chair
P 0 0 0 1 570 20 580 20 580 100 650 100 650 20 660 20 660 110 580 110 580 220 570 220
#P 0 0 0 1 580 150 665 150 665 155 580 155

## laptop
P 0 0 0 1 710 207 780 207 790 280 785 285 775 212 710 212

## books
P 0 0 0 1 980 207 980 217 900 217 900 207
P 0 0 0 1 980 217 980 227 900 227 900 217
P 0 0 0 1 970 227 970 237 900 237 900 227

## bed
P 0 0 0 1 270 20 250 20 250 100 50 100 50 20 30 20 30 420 50 420 50 350 250 350 250 420 270 420
P 0 0 0 1 250 120 50 120 50 330 250 330

## door
# door body
P 0 0 0 1 350 20 350 340 500 340 500 20
# door handle
P 0 0 0 1 370 170 380 170 380 210 370 210

## picture
# frame
P 0 0 0 1 650 380 650 500 850 500 850 380
P 0 0 0 1 645 375 645 505 855 505 855 375