L 0 0 0 1 0 20 1024 20
L 0 0 0 1 50 160 250 160
L 0 0 0 1 50 390 250 390
L 0 0 0 1 650 438 684 469
L 0 0 0 1 684 469 732 443
L 0 0 0 1 732 443 769 462
L 0 0 0 1 769 462 811 441
L 0 0 0 1 811 441 850 467
L 0 0 0 1 650 408 850 406
L 0 0 0 1 702 473 694 480
L 0 0 0 1 720 478 716 488
L 0 0 0 1 738 479 741 489
L 0 0 0 1 755 474 763 481
P 0 0 0 1 700 200 1000 200 1000 207 700 207
P 0 0 0 1 710 200 715 200 715 20 710 20
P 0 0 0 1 990 200 985 200 985 20 990 20
P 0 0 0 1 985 200 885 200 885 160 985 160
P 0 0 0 1 955 182 955 178 915 178 915 182
P 0 0 0 1 570 20 580 20 580 100 650 100 650 20 660 20 660 110 580 110 580 220 570 220
P 0 0 0 1 710 207 780 207 790 280 785 285 775 212 710 212
P 0 0 0 1 980 207 980 217 900 217 900 207
P 0 0 0 1 980 217 980 227 900 227 900 217
P 0 0 0 1 970 227 970 237 900 237 900 227
P 0 0 0 1 270 20 250 20 250 100 50 100 50 20 30 20 30 420 50 420 50 350 250 350 250 420 270 420
P 0 0 0 1 250 120 50 120 50 330 250 330
P 0 0 0 1 350 20 350 340 500 340 500 20
P 0 0 0 1 370 170 380 170 380 210 370 210
P 0 0 0 1 650 380 650 500 850 500 850 380
P 0 0 0 1 645 375 645 505 855 505 855 375
P 0 0 0 1 707 456 709 462 719 469 731 474 739 474 750 470 756 463 759 456 732 443
F N 780 232 90 90 90
F N 261 348 40 40 40
F C 216 145 40 130 70 95 20 140
F C 209 366 70 170 200 10 90 40
F N 735 458 255 255 0
F N 481 174 200 150 50
F N 374 188 200 200 50
F C 580 4 30 240 90 190 190 190
F N 853 392 0 0 0
F N 750 398 0 0 150
F N 576 127 190 100 10
F N 972 183 190 100 10
F N 990 202 190 100 10
F N 987 194 190 100 10
F N 712 187 190 100 10
F N 926 233 170 170 170
F N 935 224 170 170 170
F N 938 213 170 170 170
F N 924 179 90 90 90
F N 810 470 0 255 255
F N 802 425 90 40 10
F C 438 418 255 255 200 200 255 255
F C 143 252 255 255 200 200 255 255
F C 172 47 255 255 200 200 255 255
F C 874 68 255 255 200 200 255 255
F C 622 58 255 255 200 200 255 255
